0
-16450 1.22 -282653.0 365.82 0.081 3 44 
1
-21650 0.77 -204977.0 209.46 0.1154 4 25 
2
-16700 1.2 -196966.0 209.4 0.2052 3 12 
3
-7000 1.57 -148423.0 152.54 0.28559999999999997 4 30 
4
1450 2.22 -127116.0 100.08 0.5768 5 15 
5
1950 2.08 -93348.0 157.76 0.49620000000000003 5 47 
6
1650 2.74 -100044.0 180.8 0.6018 5 0 
7
7800 2.17 -40551.0 126.82 1.002 6 14 
8
6300 2.19 -70729.0 121.46 0.8446000000000001 7 32 
9
8650 2.39 -66039.0 117.66 0.7896 7 19 
10
56250 4.5 -82055.0 130.54 0.8656 13 37 
11
27750 2.96 -53161.0 153.78 0.9102 9 21 
12
20900 3.8 -35848.0 109.64 1.175 9 4 
13
38000 2.27 -39805.0 118.7 0.914 12 20 
14
53300 3.82 -53935.0 135.1 1.0927999999999998 14 18 
