0
-152500 0.67 -456298.0 349.38 0.0542 4 7 
1
-137400 0.72 -397738.0 365.38 0.0504 3 14 
2
-131800 0.88 -301992.0 358.32 0.0858 4 6 
3
-137200 1.0 -342382.0 319.82 0.17459999999999998 4 7 
4
-117000 1.02 -332768.0 302.48 0.20220000000000002 4 5 
5
-123600 1.11 -421978.0 298.58 0.22399999999999998 3 2 
6
-130600 0.94 -343876.0 307.16 0.1408 4 0 
7
-99800 1.03 -328740.0 320.2 0.17120000000000002 4 42 
8
-100400 0.73 -400940.0 269.8 0.18720000000000003 4 1 
9
-80700 1.2 -406430.0 261.5 0.30519999999999997 4 8 
10
-99200 1.25 -353936.0 289.36 0.24059999999999998 3 14 
11
-105700 1.5 -427518.0 268.38 0.2602 3 11 
12
-89100 1.24 -425324.0 250.44 0.28200000000000003 3 38 
13
-75500 1.0 -316208.0 292.48 0.23860000000000003 4 0 
14
-74500 0.6 -261758.0 303.98 0.1804 4 3 
