0
-95250 0.11 -207652.0 390.12 0.0148 2 8 
1
-99250 0.05 -265534.0 334.8 0.0114 2 22 
2
-83500 0.2 -214517.0 396.54 0.016 2 28 
3
-87650 0.03 -247214.0 360.8 0.0106 2 4 
4
-85800 0.09 -254111.0 364.82 0.012599999999999998 2 48 
5
-91900 0.33 -224303.0 363.02 0.0202 2 13 
6
-95200 0.1 -253429.0 363.46 0.012800000000000002 2 48 
7
-91050 0.14 -205596.0 357.32 0.017400000000000002 2 31 
8
-93550 0.06 -210755.0 394.22 0.0144 2 2 
9
-87050 0.04 -258794.0 429.32 0.011200000000000002 2 27 
10
-89900 0.33 -231829.0 358.34 0.018400000000000003 3 41 
11
-84500 0.08 -193038.0 405.8 0.015 2 16 
12
-91150 0.07 -207250.0 411.0 0.013000000000000001 2 30 
13
-83800 0.04 -239770.0 428.8 0.012 2 39 
14
-77700 0.05 -226648.0 400.36 0.013000000000000001 3 23 
