0
-173900 0.47 -435520.0 343.6 0.0314 2 1 
1
-164900 0.33 -301572.0 415.32 0.03640000000000001 2 32 
2
-155800 0.95 -234452.0 441.72 0.06280000000000001 2 6 
3
-167400 0.28 -224342.0 453.82 0.045 3 6 
4
-156400 0.09 -196084.0 461.64 0.0444 2 5 
5
-162700 0.07 -192980.0 461.4 0.04359999999999999 3 33 
6
-171600 0.08 -195574.0 460.94 0.0518 2 47 
7
-171600 0.09 -193634.0 459.14 0.048600000000000004 2 0 
8
-154400 0.08 -191236.0 458.36 0.053200000000000004 2 45 
9
-165000 0.08 -190802.0 462.02 0.048600000000000004 2 48 
10
-169400 0.08 -194522.0 460.02 0.048799999999999996 2 47 
11
-165200 0.08 -194214.0 462.94 0.047 3 19 
12
-157600 0.09 -188466.0 457.86 0.05159999999999999 3 10 
13
-167100 0.08 -194130.0 464.1 0.0464 2 30 
14
-165600 0.09 -193948.0 461.48 0.05140000000000001 2 35 
