0
-52950 1.12 -255499.0 302.74 0.0788 3 9 
1
-33300 1.12 -190832.0 234.36 0.11260000000000002 3 44 
2
-37250 1.33 -170602.0 165.32 0.1646 2 35 
3
-28700 1.0 -67953.0 200.38 0.1938 2 20 
4
-33450 0.35 -82375.0 203.86 0.135 2 31 
5
-28800 0.32 -66128.0 219.36 0.15800000000000003 2 19 
6
-28700 0.31 -48948.0 221.36 0.1628 2 33 
7
-24900 0.41 -51965.0 249.86 0.15380000000000002 3 33 
8
-18050 0.68 -47763.0 189.78 0.2482 3 44 
9
-11500 0.78 -34043.0 159.3 0.3272 3 20 
10
-13950 0.75 -39890.0 162.32 0.2828 2 48 
11
-13200 0.67 -34312.0 165.48 0.3048 3 0 
12
-15050 0.91 -44530.0 151.56 0.322 3 15 
13
-15750 0.8 -51106.0 116.32 0.37940000000000007 2 9 
14
-14700 0.68 -39142.0 125.48 0.3722 3 25 
