0
-198800 0.45 -470292.0 336.52 0.044000000000000004 2 11 
1
-196900 0.44 -349636.0 357.16 0.0454 2 19 
2
-194300 0.7 -389014.0 392.94 0.045799999999999993 3 13 
3
-184600 0.24 -319864.0 423.44 0.0206 2 9 
4
-184400 0.55 -428228.0 407.88 0.0462 3 9 
5
-173000 0.5 -337182.0 391.42 0.044199999999999996 3 13 
6
-185500 0.1 -251586.0 454.26 0.028000000000000004 3 7 
7
-179000 0.22 -302008.0 418.88 0.031799999999999995 2 32 
8
-160300 0.15 -341958.0 383.58 0.024400000000000005 3 2 
9
-170300 0.28 -242802.0 418.82 0.043199999999999995 3 21 
10
-155700 0.18 -266272.0 443.92 0.0424 4 30 
11
-143700 0.29 -297068.0 432.28 0.0478 3 1 
12
-161200 0.31 -317172.0 420.92 0.0416 3 6 
13
-162600 0.13 -286500.0 423.8 0.043199999999999995 4 2 
14
-136500 0.59 -279952.0 422.72 0.0706 4 7 
