0
-175300 0.6 -542726.0 325.66 0.0658 3 23 
1
-182000 0.07 -268932.0 420.12 0.014199999999999999 2 5 
2
-124700 0.23 -317346.0 362.26 0.021000000000000005 2 16 
3
-148100 0.8 -286748.0 369.88 0.0362 3 37 
4
-135100 0.15 -378502.0 373.02 0.0256 2 6 
5
-126200 0.13 -240890.0 338.9 0.0258 2 5 
6
-126600 1.0 -267082.0 295.22 0.0632 3 5 
7
-122900 0.26 -272806.0 284.06 0.0256 2 7 
8
-129500 0.88 -284844.0 294.84 0.061799999999999994 3 5 
9
-111100 0.68 -279926.0 292.46 0.066 3 9 
10
-128000 0.39 -260652.0 304.12 0.051399999999999994 4 14 
11
-118900 0.17 -307170.0 289.3 0.024200000000000003 3 26 
12
-128200 0.92 -266956.0 317.96 0.0472 3 6 
13
-126100 0.67 -265166.0 292.06 0.0572 2 2 
14
-124400 0.31 -253176.0 306.56 0.027600000000000003 2 2 
15
-121000 0.28 -270222.0 326.22 0.0308 2 9 
16
-117800 0.36 -226692.0 335.72 0.0268 2 41 
17
-118300 1.05 -346934.0 295.34 0.0704 4 32 
18
-111900 1.43 -283800.0 209.6 0.12 5 2 
19
-97400 0.87 -291040.0 216.0 0.11040000000000001 4 21 
20
-77600 0.57 -303918.0 228.78 0.1302 5 3 
21
-76100 1.02 -320640.0 212.8 0.2632 6 3 
22
-60000 0.81 -254994.0 237.14 0.1912 5 7 
23
-72200 1.23 -259308.0 260.68 0.1954 5 8 
24
-35900 0.75 -254786.0 253.46 0.19880000000000003 6 13 
25
-51300 0.9 -235918.0 279.98 0.16459999999999997 5 14 
26
-75600 1.02 -269442.0 239.62 0.19099999999999998 6 2 
27
-5700 1.17 -234678.0 240.38 0.25999999999999995 10 43 
28
-25300 1.0 -202016.0 259.76 0.2066 6 6 
29
16400 1.6 -243042.0 179.22 0.38699999999999996 8 1 
30
27400 1.37 -215314.0 227.14 0.3532 10 12 
31
33200 1.45 -202380.0 188.6 0.3978000000000001 10 12 
32
17200 1.98 -198890.0 193.3 0.4692 9 9 
33
24200 1.18 -226300.0 211.4 0.3212 9 12 
34
32100 1.65 -206472.0 216.72 0.44939999999999997 8 12 
35
17200 1.61 -220696.0 210.56 0.3552 7 10 
36
15300 1.42 -189270.0 195.1 0.5072 9 1 
37
1100 1.67 -186816.0 208.16 0.46419999999999995 9 9 
38
18400 1.38 -205662.0 202.22 0.4362 9 4 
39
5500 2.02 -201106.0 199.06 0.3614 9 12 
40
52000 2.08 -246482.0 192.82 0.4312 12 3 
41
9200 1.34 -301076.0 199.56 0.4226 8 10 
42
28300 1.65 -224426.0 214.66 0.3868 11 4 
43
1900 1.35 -269654.0 186.94 0.3726 8 13 
44
9700 1.36 -241340.0 212.6 0.3888 9 3 
45
17200 1.31 -204248.0 211.68 0.42280000000000006 9 0 
46
15300 1.06 -228348.0 207.08 0.33419999999999994 10 6 
47
24300 1.5 -191444.0 205.64 0.45159999999999995 9 5 
48
27000 1.52 -246788.0 167.88 0.43379999999999996 8 11 
49
12300 1.22 -223892.0 184.92 0.37 9 0 
50
29200 1.42 -173820.0 205.0 0.4464 10 13 
51
1200 1.57 -197292.0 223.72 0.40879999999999994 9 6 
52
25400 1.4 -191030.0 215.9 0.4432 11 12 
0
-185100 0.66 -553498.0 320.98 0.044 2 5 
1
-170800 0.71 -425888.0 340.88 0.052399999999999995 3 43 
2
-172800 0.08 -231926.0 428.06 0.016800000000000002 2 8 
3
-174700 0.05 -218534.0 418.94 0.018200000000000004 2 5 
4
-168000 0.28 -233494.0 414.94 0.017800000000000003 3 2 
5
-168500 0.09 -198198.0 422.78 0.012 2 17 
6
-176300 0.04 -220652.0 410.12 0.012600000000000002 2 39 
7
-164800 0.06 -227576.0 407.76 0.017800000000000003 2 3 
8
-175000 0.04 -202320.0 422.0 0.011600000000000001 2 13 
9
-175800 0.04 -220156.0 416.36 0.012400000000000001 2 28 
10
-175100 0.06 -211456.0 433.36 0.0104 2 7 
11
-172000 0.05 -200996.0 421.56 0.0166 3 9 
12
-167700 0.11 -205104.0 422.64 0.0144 2 37 
13
-142700 0.16 -206190.0 421.9 0.030400000000000003 3 17 
14
-125000 0.54 -185472.0 408.32 0.08039999999999999 4 16 
