0
-91650 0.09 -236620.0 336.8 0.016 2 8 
1
-90950 0.09 -189950.0 376.4 0.0166 2 5 
2
-101550 0.07 -213106.0 384.8 0.013800000000000002 2 48 
3
-105450 0.12 -200878.0 385.12 0.015200000000000002 2 13 
4
-94900 0.06 -186032.0 437.4 0.0148 2 34 
5
-86550 0.06 -197168.0 376.12 0.015 3 20 
6
-82950 0.05 -219412.0 413.52 0.012199999999999999 1 36 
7
-94600 0.03 -232209.0 418.3 0.009800000000000001 2 32 
8
-92150 0.04 -207712.0 401.04 0.0128 2 28 
9
-97450 0.08 -182397.0 410.7 0.0144 2 26 
10
-84800 0.04 -217193.0 440.02 0.011200000000000002 2 33 
11
-96700 0.14 -183355.0 408.86 0.0164 2 48 
12
-89150 0.04 -176124.0 456.0 0.013600000000000001 2 11 
13
-89400 0.04 -183569.0 454.06 0.012800000000000002 2 21 
14
-90500 0.03 -180390.0 453.28 0.012800000000000002 2 7 
