0
-58800 0.33 -263884.0 261.4 0.048600000000000004 2 3 
1
-41300 1.13 -214996.0 267.48 0.07959999999999999 3 25 
2
-38000 0.5 -185675.0 273.34 0.077 3 9 
3
-2900 1.09 -137377.0 259.94 0.13620000000000002 4 49 
4
-35250 1.15 -194511.0 229.3 0.13720000000000002 4 25 
5
-32600 0.94 -185864.0 202.12 0.15560000000000002 4 43 
6
-14600 1.19 -172613.0 203.54 0.1736 4 17 
7
20950 2.38 -135553.0 173.7 0.30720000000000003 8 5 
8
22200 2.67 -99494.0 135.84 0.4969999999999999 8 6 
9
27400 2.28 -98303.0 144.02 0.5128 11 33 
10
26600 2.4 -107691.0 148.26 0.486 10 37 
11
-11400 1.25 -113926.0 149.48 0.412 4 34 
12
-400 2.75 -106380.0 122.56 0.6076 6 7 
13
4550 2.53 -128242.0 116.0 0.5696 6 19 
14
13950 2.27 -122964.0 102.52 0.579 7 39 
