0
-97750 0.03 -277247.0 389.38 0.0082 2 4 
1
-94550 0.14 -231663.0 361.1 0.017800000000000003 2 23 
2
-98750 0.1 -233414.0 384.6 0.013800000000000003 2 20 
3
-93400 0.04 -246818.0 371.12 0.009600000000000003 2 3 
4
-85250 0.33 -229328.0 368.24 0.0264 2 2 
5
-89900 0.05 -218114.0 392.24 0.013999999999999999 3 3 
6
-87450 0.07 -230093.0 419.18 0.013800000000000002 2 28 
7
-93650 0.03 -214762.0 390.76 0.0104 2 37 
8
-87900 0.07 -182277.0 408.9 0.0142 2 25 
9
-92450 0.03 -219022.0 417.6 0.011200000000000002 2 6 
10
-98950 0.03 -178715.0 418.58 0.013600000000000001 2 5 
11
-102150 0.08 -260968.0 359.36 0.0106 2 34 
12
-92600 0.06 -215820.0 395.84 0.011600000000000001 2 12 
13
-91700 0.05 -216958.0 384.6 0.0124 2 45 
14
-87950 0.04 -206714.0 399.36 0.013000000000000001 2 15 
