0
-151200 1.24 -581852.0 340.92 0.1166 5 30 
1
-79700 0.53 -313302.0 357.42 0.0484 3 4 
2
-87900 1.3 -623552.0 259.92 0.146 2 2 
3
-113700 0.67 -524768.0 314.88 0.09179999999999999 4 14 
4
-54000 0.64 -408114.0 307.94 0.08059999999999999 3 0 
5
-62000 0.57 -429206.0 218.06 0.1148 4 11 
6
-62000 0.65 -400640.0 206.0 0.13419999999999999 3 14 
7
-94300 1.75 -426124.0 160.44 0.18980000000000005 5 38 
8
-80700 1.88 -430944.0 134.64 0.27480000000000004 5 7 
9
-41700 1.75 -396418.0 148.58 0.2928 6 13 
10
-29200 2.04 -333582.0 153.02 0.3218 5 13 
11
-25200 1.67 -298910.0 132.3 0.3793999999999999 9 5 
12
-37800 1.75 -310228.0 126.68 0.37439999999999996 7 9 
13
-43600 1.78 -363892.0 107.32 0.45320000000000005 7 28 
14
-28000 1.46 -459354.0 122.74 0.3406 7 16 
