0
-78800 1.0 -275406.0 298.28 0.04839999999999999 2 6 
1
-50300 0.33 -284154.0 268.2 0.031200000000000002 2 40 
2
-29850 1.0 -200339.0 257.42 0.0766 4 15 
3
-36700 1.0 -201764.0 182.56 0.1276 4 46 
4
-32300 0.75 -213689.0 181.18 0.1462 4 33 
5
-8850 1.38 -154804.0 233.0 0.1912 5 13 
6
-4300 1.95 -107910.0 151.68 0.3676 4 11 
7
1600 1.73 -86619.0 139.02 0.4156 5 3 
8
-18000 1.15 -116786.0 77.12 0.48379999999999995 4 8 
9
-15400 1.65 -116329.0 113.06 0.41220000000000007 6 43 
10
-12900 2.0 -139851.0 122.78 0.3814 5 40 
11
-12400 1.65 -154677.0 133.22 0.3468 4 13 
12
-5200 2.07 -99393.0 109.82 0.5896 5 34 
13
-2250 1.78 -160796.0 115.2 0.496 5 5 
14
11950 2.0 -114687.0 171.7 0.4463999999999999 9 19 
