0
-39100 0.79 -247830.0 267.88 0.0932 2 3 
1
-41750 1.17 -228013.0 253.9 0.102 3 31 
2
-22850 1.25 -163750.0 238.84 0.16520000000000004 4 26 
3
-4750 1.1 -139360.0 172.6 0.2066 5 21 
4
-11900 1.5 -128083.0 135.3 0.3434 5 33 
5
-700 2.58 -119781.0 133.86 0.3444 6 31 
6
32200 2.34 -108095.0 86.38 0.5294000000000001 10 26 
7
50 1.92 -91319.0 101.58 0.6206 5 6 
8
20050 2.56 -49732.0 97.56 0.847 10 18 
9
3600 4.33 -70965.0 151.54 0.6516000000000001 6 26 
10
24250 4.25 -52637.0 91.86 1.0404 9 8 
11
28550 3.33 -66591.0 112.42 0.8355999999999999 10 38 
12
67300 8.2 -50763.0 67.02 1.3678 19 10 
13
128350 6.71 -66591.0 120.86 0.8992000000000001 29 24 
14
43050 6.5 -77355.0 136.38 0.8443999999999999 14 14 
