0
-183200 1.33 -594216.0 350.16 0.0832 3 24 
1
-172200 0.5 -282352.0 364.72 0.0406 2 22 
2
-169500 0.15 -290178.0 351.38 0.0174 2 40 
3
-170000 0.05 -216572.0 338.12 0.0176 2 14 
4
-174300 0.05 -217602.0 330.02 0.0188 2 9 
5
-152600 0.07 -206584.0 332.24 0.0166 2 12 
6
-162700 0.04 -211164.0 328.44 0.015000000000000003 3 0 
7
-162100 0.07 -201548.0 312.28 0.016800000000000002 2 3 
8
-159600 0.08 -206672.0 317.12 0.02 2 47 
9
-157600 0.05 -203942.0 315.82 0.02 2 8 
10
-162000 0.05 -193748.0 320.28 0.019200000000000002 2 11 
11
-165800 0.08 -246834.0 316.74 0.022600000000000002 3 43 
12
-148000 0.06 -194148.0 312.28 0.019000000000000003 3 27 
13
-157800 0.06 -229286.0 317.26 0.0208 3 0 
14
-159100 0.15 -321808.0 312.88 0.0208 2 31 
