0
-85350 0.07 -225478.0 405.44 0.013800000000000002 2 6 
1
-85500 0.08 -262677.0 367.38 0.0148 2 5 
2
-94850 0.05 -227421.0 374.54 0.0128 2 20 
3
-99800 0.03 -226074.0 459.68 0.0092 2 39 
4
-97950 0.04 -213724.0 429.0 0.011800000000000001 2 37 
5
-82950 0.05 -235876.0 398.12 0.011200000000000002 2 19 
6
-97000 0.05 -273484.0 429.84 0.009800000000000001 2 30 
7
-95600 0.08 -218495.0 394.7 0.013199999999999998 2 0 
8
-95900 0.04 -225314.0 428.44 0.011200000000000002 2 23 
9
-90450 0.03 -197416.0 449.6 0.012000000000000002 2 35 
10
-94200 0.05 -163907.0 437.18 0.016200000000000003 2 8 
11
-89700 0.04 -235077.0 419.5 0.012600000000000002 2 35 
12
-99400 0.33 -211449.0 351.3 0.0218 2 42 
13
-100300 0.08 -245239.0 404.54 0.013800000000000002 2 19 
14
-104650 0.2 -228351.0 398.74 0.016200000000000003 2 17 
