0
-39350 0.75 -279976.0 314.88 0.0432 3 20 
1
-27250 0.33 -227649.0 279.3 0.0576 4 31 
2
-41200 0.88 -215859.0 203.02 0.12480000000000001 3 41 
3
-37350 1.0 -196524.0 253.96 0.0912 2 4 
4
-31700 0.96 -218332.0 159.68 0.158 3 2 
5
-29650 1.15 -253983.0 178.46 0.10980000000000001 3 38 
6
-29700 0.92 -204500.0 139.44 0.19320000000000004 4 41 
7
-27000 0.75 -203255.0 162.62 0.1376 4 28 
8
-12750 1.12 -184647.0 199.34 0.15439999999999998 4 36 
9
-10150 1.5 -144667.0 189.02 0.32420000000000004 4 0 
10
8050 2.89 -124284.0 186.4 0.32899999999999996 7 5 
11
2150 3.6 -127601.0 75.98 0.5454 7 45 
12
41700 3.61 -132817.0 80.1 0.6826000000000001 16 19 
13
118050 8.0 -143523.0 78.34 0.8917999999999999 25 27 
14
30150 3.36 -95193.0 92.46 0.5866 9 29 
