0
-91350 0.12 -266589.0 369.06 0.0128 1 47 
1
-98350 0.11 -279636.0 345.88 0.014000000000000002 2 40 
2
-88400 0.11 -208961.0 401.38 0.017400000000000002 2 40 
3
-91550 0.16 -228392.0 405.16 0.017 2 28 
4
-88550 0.12 -185980.0 398.76 0.017200000000000003 2 47 
5
-91150 0.12 -241424.0 360.0 0.015000000000000003 2 39 
6
-97450 0.03 -178899.0 400.02 0.013000000000000001 2 41 
7
-90950 0.05 -204346.0 422.28 0.013400000000000002 2 10 
8
-84300 0.04 -198607.0 419.58 0.0136 2 41 
9
-100150 0.07 -198776.0 442.84 0.012600000000000002 2 22 
10
-88150 0.03 -202387.0 443.18 0.0128 2 17 
11
-98800 0.03 -212830.0 443.84 0.011000000000000001 2 4 
12
-97750 0.03 -190701.0 453.1 0.012200000000000003 2 46 
13
-94100 0.03 -166714.0 444.4 0.014199999999999999 2 35 
14
-90050 0.03 -207012.0 445.56 0.012000000000000002 2 28 
