0
-100900 0.25 -230470.0 361.32 0.017200000000000003 2 17 
1
-109550 0.08 -258543.0 402.46 0.0108 1 2 
2
-83100 0.2 -260969.0 392.18 0.0208 2 38 
3
-98200 0.5 -256890.0 317.8 0.0228 3 4 
4
-99950 0.5 -265804.0 286.16 0.0218 2 19 
5
-103700 0.05 -266053.0 360.42 0.0114 2 39 
6
-89000 0.09 -282795.0 284.14 0.013000000000000001 3 14 
7
-88100 0.25 -222428.0 252.64 0.028600000000000004 2 6 
8
-96400 0.03 -246020.0 391.76 0.009600000000000001 2 0 
9
-99950 0.06 -215015.0 320.38 0.0164 2 1 
10
-94550 0.05 -249775.0 309.38 0.014000000000000002 2 20 
11
-90800 0.09 -274327.0 308.18 0.017 2 47 
12
-98150 0.29 -204458.0 342.32 0.0242 2 33 
13
-89150 0.14 -201359.0 311.26 0.0204 2 25 
14
-86800 0.04 -271538.0 349.76 0.0104 2 31 
